3660
,
3648
,
3632
,
3631
,
3631
,
3616
,
3612
,
3599
,
3589
,
3576
,
3575
,
3557
,
3544
,
3542
,
3527
,
3516
,
3508
,
3495
,
3480
,
3468
,
3457
,
3433
,
3416
,
3419
,
3399
,
3384
,
3370
,
3355
,
3336
,
3322
,
3299
,
3283
,
3272
,
3247
,
3233
,
3212
,
3203
,
3183
,
3152
,
3135
,
3127
,
3104
,
3080
,
3067
,
3040
,
3006
,
2999
,
2977
,
2952
,
2927
,
2913
,
2888
,
2863
,
2847
,
2817
,
2796
,
2779
,
2752
,
2728
,
2711
,
2679
,
2648
,
2634
,
2607
,
2576
,
2556
,
2527
,
2504
,
2484
,
2455
,
2423
,
2396
,
2379
,
2347
,
2316
,
2300
,
2275
,
2241
,
2214
,
2191
,
2161
,
2136
,
2111
,
2087
,
2056
,
2025
,
2007
,
1976
,
1948
,
1927
,
1891
,
1860
,
1839
,
1811
,
1784
,
1759
,
1739
,
1704
,
1684
,
1647
,
1616
,
1598
,
1579
,
1545
,
1524
,
1503
,
1463
,
1438
,
1415
,
1387
,
1352
,
1332
,
1311
,
1281
,
1254
,
1237
,
1211
,
1174
,
1159
,
1135
,
1096
,
1083
,
1059
,
1028
,
1010
,
983
,
960
,
928
,
919
,
888
,
864
,
841
,
819
,
792
,
779
,
755
,
726
,
706
,
691
,
676
,
644
,
631
,
607
,
578
,
572
,
556
,
528
,
509
,
495
,
475
,
452
,
439
,
420
,
392
,
393
,
375
,
346
,
334
,
327
,
303
,
292
,
279
,
267
,
249
,
239
,
221
,
208
,
202
,
189
,
173
,
162
,
156
,
138
,
129
,
126
,
110
,
107
,
105
,
92
,
88
,
75
,
70
,
59
,
48
,
49
,
29
,
30
,
36
,
29
,
25
,
18
,
16
,
3
,
8
,
10
,
4
,
0
,
6
,
0
,
0
,
21
,
0
,
0
,
0
,
13
,
7
,
14
,
13
,
16
,
24
,
25
,
29
,
35
,
44
,
50
,
54
,
64
,
76
,
74
,
79
,
89
,
101
,
99
,
120
,
128
,
130
,
144
,
155
,
159
,
174
,
192
,
196
,
207
,
230
,
241
,
249
,
267
,
279
,
286
,
308
,
331
,
346
,
361
,
375
,
387
,
408
,
431
,
438
,
462
,
479
,
499
,
515
,
530
,
555
,
570
,
590
,
615
,
632
,
652
,
675
,
717
,
705
,
743
,
747
,
776
,
805
,
830
,
849
,
870
,
899
,
917
,
936
,
975
,
989
,
1016
,
1039
,
1066
,
1088
,
1110
,
1146
,
1157
,
1188
,
1217
,
1239
,
1258
,
1290
,
1315
,
1332
,
1371
,
1399
,
1424
,
1447
,
1475
,
1493
,
1526
,
1555
,
1576
,
1604
,
1631
,
1659
,
1680
,
1695
,
1739
,
1768
,
1798
,
1825
,
1849
,
1876
,
1903
,
1937
,
1948
,
1991
,
2011
,
2040
,
2071
,
2103
,
2116
,
2142
,
2177
,
2193
,
2224
,
2255
,
2279
,
2300
,
2334
,
2357
,
2384
,
2410
,
2439
,
2457
,
2488
,
2519
,
2537
,
2568
,
2591
,
2609
,
2632
,
2663
,
2679
,
2704
,
2734
,
2759
,
2776
,
2804
,
2831
,
2848
,
2864
,
2902
,
2915
,
2936
,
2966
,
2991
,
3000
,
3028
,
3047
,
3065
,
3086
,
3111
,
3121
,
3132
,
3167
,
3187
,
3208
,
3226
,
3235
,
3249
,
3272
,
3295
,
3305
,
3326
,
3343
,
3360
,
3364
,
3390
,
3403
,
3416
,
3430
,
3447
,
3459
,
3476
,
3483
,
3491
,
3504
,
3519
,
3531
,
3544
,
3551
,
3571
,
3576
,
3588
,
3607
,
3600
,
3620
,
3627
,
3625
,
3632
,
3647
,
3649
,
3648
,
3662
,
3663
,
3664
,
3672
,
3679
,
3683
,
3680
,
3693
,
3697
,
3696
,
3695
,
3695
,
3688
,
3695
,
3703
,
3696
,
3704
,
3703
,
3697
,
3692
,
3694
,
3687
,
3680
,
3679
,
3679
,
3680
,
3670
,
3671
,
3665
,
3644
,
3655
,
3633
,
3632
,
3638
,
3619
,
3608
,
3604
,
3595
,
3581
,
3580
,
3567
,
3553
,
3548
,
3535
,
3523
,
3508
,
3502
,
3489
,
3472
,
3466
,
3456
,
3432
,
3420
,
3407
,
3392
,
3368
,
3359
,
3347
,
3324
,
3310
,
3295
,
3272
,
3260
,
3243
,
3225
,
3192
,
3191
,
3171
,
3148
,
3135
,
3107
,
3096
,
3074
,
3051
,
3025
,
3006
,
2991
,
2963
,
2942
,
2927
,
2905
,
2872
,
2858
,
2839
,
2812
,
2788
,
2767
,
2736
,
2716
,
2703
,
2669
,
2648
,
2622
,
2595
,
2564
,
2542
,
2519
,
2496
,
2468
,
2447
,
2417
,
2392
,
2367
,
2337
,
2312
,
2287
,
2267
,
2232
,
2202
,
2183
,
2153
,
2130
,
2095
,
2071
,
2040
,
2023
,
2001
,
1964
,
1943
,
1921
,
1888
,
1855
,
1835
,
1803
,
1778
,
1747
,
1723
,
1694
,
1671
,
1639
,
1612
,
1583
,
1563
,
1530
,
1506
,
1483
,
1456
,
1420
,
1389
,
1376
,
1340
,
1326
,
1301
,
1268
,
1240
,
1219
,
1195
,
1174
,
1146
,
1118
,
1085
,
1067
,
1047
,
1013
,
995
,
981
,
949
,
930
,
907
,
881
,
856
,
837
,
819
,
780
,
760
,
747
,
721
,
698
,
683
,
656
,
646
,
628
,
597
,
576
,
558
,
543
,
516
,
501
,
485
,
467
,
444
,
429
,
417
,
398
,
387
,
363
,
341
,
330
,
319
,
300
,
285
,
281
,
266
,
244
,
234
,
221
,
197
,
186
,
179
,
165
,
156
,
150
,
136
,
123
,
124
,
109
,
107
,
96
,
81
,
70
,
66
,
67
,
49
,
42
,
44
,
30
,
18
,
28
,
26
,
19
,
20
,
16
,
0
,
6
,
10
,
0
,
3
,
2
,
0
,
1
,
3
,
1
,
0
,
5
,
14
,
5
,
10
,
19
,
18
,
24
,
38
,
32
,
27
,
45
,
50
,
52
,
70
,
73
,
74
,
81
,
89
,
97
,
104
,
117
,
129
,
132
,
144
,
157
,
160
,
181
,
192
,
202
,
214
,
236
,
243
,
268
,
274
,
289
,
296
,
318
,
336
,
340
,
366
,
386
,
403
,
413
,
434
,
453
,
468
,
489
,
510
,
520
,
548
,
566
,
584
,
601
,
623
,
646
,
660
,
691
,
707
,
718
,
751
,
771
,
794
,
820
,
839
,
852
,
884
,
911
,
928
,
948
,
975
,
997
,
1024
,
1052
,
1079
,
1092
,
1122
,
1155
,
1173
,
1196
,
1231
,
1253
,
1278
,
1303
,
1328
,
1344
,
1375
,
1409
,
1424
,
1468
,
1491
,
1512
,
1540
,
1566
,
1595
,
1616
,
1647
,
1675
,
1689
,
1727
,
1755
,
1777
,
1804
,
1839
,
1859
,
1880
,
1919
,
1941
,
1968
,
1996
,
2017
,
2044
,
2074
,
2113
,
2132
,
2154
,
2187
,
2213
,
2232
,
2263
,
2291
,
2312
,
2343
,
2371
,
2400
,
2420
,
2447
,
2469
,
2494
,
2527
,
2547
,
2568
,
2591
,
2624
,
2648
,
2670
,
2699
,
2712
,
2742
,
2767
,
2784
,
2804
,
2839
,
2855
,
2880
,
2910
,
2923
,
2948
,
2966
,
2987
,
3013
,
3032
,
3055
,
3071
,
3096
,
3119
,
3136
,
3144
,
3175
,
3200
,
3216
,
3230
,
3247
,
3264
,
3284
,
3291
,
3312
,
3326
,
3350
,
